{
  "correlation_threshold": 0.5,
  "ic_threshold": 0.02,
  "next_id": 22,
  "factors": [
    {
      "id": 1,
      "name": "momentum_reversal",
      "formula": "Neg(CsRank(Delta($close, 5)))",
      "category": "Momentum",
      "ic_mean": 0.07927647825511297,
      "icir": 0.031213926182396472,
      "ic_win_rate": 0.5080971659919028,
      "max_correlation": 0.0,
      "batch_number": 1,
      "admission_date": "2026-03-14 10:10:09"
    },
    {
      "id": 2,
      "name": "price_range_ratio",
      "formula": "Div(Sub($high, $low), Add($high, $low))",
      "category": "Other",
      "ic_mean": 0.09915475715908265,
      "icir": -0.0041156260805220715,
      "ic_win_rate": 0.48897795591182364,
      "max_correlation": 0.0,
      "batch_number": 1,
      "admission_date": "2026-03-14 10:10:09"
    },
    {
      "id": 3,
      "name": "vwap_deviation",
      "formula": "CsRank(Div(Sub($close, $vwap), $vwap))",
      "category": "VWAP",
      "ic_mean": 0.09747973594954686,
      "icir": 0.03875803986861778,
      "ic_win_rate": 0.48697394789579157,
      "max_correlation": 0.0,
      "batch_number": 1,
      "admission_date": "2026-03-14 10:10:09"
    },
    {
      "id": 4,
      "name": "return_skew",
      "formula": "Neg(Skew($returns, 20))",
      "category": "Higher-Moment",
      "ic_mean": 0.07962658765876587,
      "icir": -0.008085918236420124,
      "ic_win_rate": 0.5145833333333333,
      "max_correlation": 0.0,
      "batch_number": 1,
      "admission_date": "2026-03-14 10:10:09"
    },
    {
      "id": 5,
      "name": "intraday_momentum",
      "formula": "CsRank(Div(Sub($close, $open), Sub($high, $low)))",
      "category": "Cross-Sectional",
      "ic_mean": 0.07745415824147545,
      "icir": 0.006762731939363697,
      "ic_win_rate": 0.4909819639278557,
      "max_correlation": 0.0,
      "batch_number": 1,
      "admission_date": "2026-03-14 10:10:09"
    },
    {
      "id": 6,
      "name": "volume_price_corr",
      "formula": "Neg(Corr($volume, $close, 10))",
      "category": "PV-Correlation",
      "ic_mean": 0.07934510185712448,
      "icir": 0.055662654591397014,
      "ic_win_rate": 0.5265306122448979,
      "max_correlation": 0.0,
      "batch_number": 1,
      "admission_date": "2026-03-14 10:10:09"
    },
    {
      "id": 7,
      "name": "amt_acceleration",
      "formula": "CsZScore(Delta(Mean($amt, 5), 5))",
      "category": "Amount",
      "ic_mean": 0.08295743860100295,
      "icir": 0.02863886672618605,
      "ic_win_rate": 0.5142857142857142,
      "max_correlation": 0.0,
      "batch_number": 1,
      "admission_date": "2026-03-14 10:10:09"
    },
    {
      "id": 8,
      "name": "close_high_ratio",
      "formula": "CsRank(Sub(Div($close, TsMax($high, 20)), 1))",
      "category": "Extrema",
      "ic_mean": 0.08096327067576498,
      "icir": -0.04010967432530774,
      "ic_win_rate": 0.4709418837675351,
      "max_correlation": 0.0,
      "batch_number": 1,
      "admission_date": "2026-03-14 10:10:10"
    },
    {
      "id": 9,
      "name": "volatility_ratio",
      "formula": "Div(Std($returns, 5), Std($returns, 20))",
      "category": "Volatility",
      "ic_mean": 0.07860367599886241,
      "icir": 0.006263002022476274,
      "ic_win_rate": 0.47695390781563124,
      "max_correlation": 0.08924850905048924,
      "batch_number": 2,
      "admission_date": "2026-03-14 10:10:18"
    },
    {
      "id": 10,
      "name": "mean_reversion",
      "formula": "Neg(CsZScore(Div(Sub($close, SMA($close, 20)), SMA($close, 20))))",
      "category": "Smoothing",
      "ic_mean": 0.09249899739472944,
      "icir": 0.008122693414704119,
      "ic_win_rate": 0.48897795591182364,
      "max_correlation": 0.4419156759750822,
      "batch_number": 2,
      "admission_date": "2026-03-14 10:10:18"
    },
    {
      "id": 11,
      "name": "volume_trend",
      "formula": "CsRank(TsLinRegSlope($volume, 20))",
      "category": "Regression",
      "ic_mean": 0.08010661066106611,
      "icir": 0.01422685778886948,
      "ic_win_rate": 0.5083333333333333,
      "max_correlation": 0.35576946468035575,
      "batch_number": 2,
      "admission_date": "2026-03-14 10:10:19"
    },
    {
      "id": 12,
      "name": "amt_volume_div",
      "formula": "CsRank(Neg(Corr(CsRank($amt), CsRank($volume), 10)))",
      "category": "PV-Correlation",
      "ic_mean": 0.08304286755206133,
      "icir": -0.02030896134903436,
      "ic_win_rate": 0.46938775510204084,
      "max_correlation": 0.10186320465040385,
      "batch_number": 2,
      "admission_date": "2026-03-14 10:10:19"
    },
    {
      "id": 13,
      "name": "high_low_decay",
      "formula": "Neg(Decay(Div(Sub($high, $low), $close), 10))",
      "category": "Other",
      "ic_mean": 0.09501386873381215,
      "icir": 0.04014810634694955,
      "ic_win_rate": 0.5102040816326531,
      "max_correlation": 0.49241112298602563,
      "batch_number": 2,
      "admission_date": "2026-03-14 10:10:19"
    },
    {
      "id": 14,
      "name": "residual_vol",
      "formula": "CsRank(Std(Resid($close, $volume, 20), 10))",
      "category": "Regression",
      "ic_mean": 0.07687299836455462,
      "icir": -0.02579043113444038,
      "ic_win_rate": 0.4759916492693111,
      "max_correlation": 0.2395318031803182,
      "batch_number": 2,
      "admission_date": "2026-03-14 10:10:20"
    },
    {
      "id": 15,
      "name": "open_gap",
      "formula": "CsZScore(Div(Sub($open, Delay($close, 1)), Delay($close, 1)))",
      "category": "Momentum",
      "ic_mean": 0.09696837419212863,
      "icir": -0.059935765978338565,
      "ic_win_rate": 0.4749498997995992,
      "max_correlation": 0.14002254734491493,
      "batch_number": 2,
      "admission_date": "2026-03-14 10:10:20"
    },
    {
      "id": 16,
      "name": "log_turnover",
      "formula": "Neg(CsRank(Log(Div($amt, $volume))))",
      "category": "Amount",
      "ic_mean": 0.06869381126489403,
      "icir": 0.049432829966832084,
      "ic_win_rate": 0.533066132264529,
      "max_correlation": 0.08195284983043755,
      "batch_number": 2,
      "admission_date": "2026-03-14 10:10:21"
    },
    {
      "id": 17,
      "name": "beta_momentum",
      "formula": "CsRank(Mul(Beta($returns, $volume, 20), Delta($close, 10)))",
      "category": "PV-Correlation",
      "ic_mean": 0.08261848684868486,
      "icir": 0.00800864867730355,
      "ic_win_rate": 0.5,
      "max_correlation": 0.24706296825108712,
      "batch_number": 3,
      "admission_date": "2026-03-14 10:10:37"
    },
    {
      "id": 18,
      "name": "kurtosis_signal",
      "formula": "CsZScore(Neg(Kurt($returns, 20)))",
      "category": "Higher-Moment",
      "ic_mean": 0.08268914391439144,
      "icir": 0.06413877290498726,
      "ic_win_rate": 0.5333333333333333,
      "max_correlation": 0.13133480848084808,
      "batch_number": 3,
      "admission_date": "2026-03-14 10:10:38"
    },
    {
      "id": 19,
      "name": "vwap_trend",
      "formula": "CsRank(TsLinRegSlope(Div($close, $vwap), 20))",
      "category": "Regression",
      "ic_mean": 0.10294606960696069,
      "icir": 0.07115905628158137,
      "ic_win_rate": 0.49583333333333335,
      "max_correlation": 0.4306121921963507,
      "batch_number": 3,
      "admission_date": "2026-03-14 10:10:39"
    },
    {
      "id": 20,
      "name": "cumulative_flow",
      "formula": "CsZScore(CsRank(Delta(CumSum(Mul($volume, Sign(Delta($close, 1)))), 5)))",
      "category": "Momentum",
      "ic_mean": 0.08291024244124819,
      "icir": 0.06250587210927076,
      "ic_win_rate": 0.5263157894736842,
      "max_correlation": 0.16525168606473667,
      "batch_number": 3,
      "admission_date": "2026-03-14 10:10:39"
    },
    {
      "id": 21,
      "name": "conditional_vol",
      "formula": "CsZScore(IfElse(Greater($returns, 0), Std($returns, 10), Neg(Std($returns, 10))))",
      "category": "Regime-Conditional",
      "ic_mean": 0.08313630546728142,
      "icir": 0.026372477546576917,
      "ic_win_rate": 0.5040816326530613,
      "max_correlation": 0.2941163688670295,
      "batch_number": 3,
      "admission_date": "2026-03-14 10:10:40"
    }
  ],
  "correlation_matrix": [
    [
      0.0,
      0.07883372579682213,
      0.07713486500165173,
      0.08048553711920046,
      0.14244740837720113,
      0.07769513407552565,
      0.08861004226695585,
      0.07268154694257312,
      0.07984448340883982,
      0.0745413501849145,
      0.0825370437251626,
      0.08005871055537327,
      0.08408204567910964,
      0.06028512851285127,
      0.08311539032691155,
      0.08195284983043755,
      0.09163180767141166,
      0.08404664998724404,
      0.07716287637079715,
      0.12388504304975947,
      0.2941163688670295
    ],
    [
      0.07883372579682213,
      0.0,
      0.39296715271527166,
      0.07614936129787624,
      0.0680697509750975,
      0.08058725220790916,
      0.08211025583210046,
      0.1418728352835284,
      0.07685007170155687,
      0.1380818164976581,
      0.07861449762439862,
      0.08634384416038347,
      0.49241112298602563,
      0.07934195919591966,
      0.10320613624488702,
      0.0641152595259526,
      0.07938963542923935,
      0.07708647787855712,
      0.13306149741793294,
      0.08663950031366768,
      0.07844593013272813
    ],
    [
      0.07713486500165173,
      0.39296715271527166,
      0.0,
      0.07869314166343867,
      0.09315672367236724,
      0.07934374700199145,
      0.08060761269609651,
      0.22961118511851178,
      0.08057755463696052,
      0.3103479911400703,
      0.07853183655163845,
      0.08431048400155688,
      0.2046374494883298,
      0.07257768276827682,
      0.14002254734491493,
      0.0689159555955595,
      0.08079691960880081,
      0.08473036908680479,
      0.303477965260143,
      0.08286304994135775,
      0.06877870679124941
    ],
    [
      0.08048553711920046,
      0.07614936129787624,
      0.07869314166343867,
      0.0,
      0.08504749019600519,
      0.08255660493284256,
      0.08852696496260844,
      0.07889092443547886,
      0.08924850905048924,
      0.08537529012776543,
      0.07862225723611863,
      0.09517997121957525,
      0.07833515160247834,
      0.07914991499149916,
      0.07972317398059965,
      0.08118170652824122,
      0.08152639796204143,
      0.09349795686429346,
      0.0834692700039235,
      0.08448620329808448,
      0.08818421966936812
    ],
    [
      0.14244740837720113,
      0.0680697509750975,
      0.09315672367236724,
      0.08504749019600519,
      0.0,
      0.08217507697816619,
      0.0848307152507511,
      0.08458227422742273,
      0.08139266317484144,
      0.08143827272540144,
      0.08356685148764345,
      0.08107441294027563,
      0.0756832343112112,
      0.08835801080108018,
      0.07886337331127904,
      0.07784645664566454,
      0.07829083947895832,
      0.09022597062201018,
      0.08345387553308352,
      0.07738705991811298,
      0.19049998686223
    ],
    [
      0.07769513407552565,
      0.08058725220790916,
      0.07934374700199145,
      0.08255660493284256,
      0.08217507697816619,
      0.0,
      0.0736598710787576,
      0.08385573384222324,
      0.08799235017056799,
      0.08602038582236612,
      0.08284962383972293,
      0.08239234514082767,
      0.08079990076400712,
      0.08979972997299722,
      0.07762569332289643,
      0.08164827073338701,
      0.08042530656392045,
      0.0736112197498336,
      0.08467143595856469,
      0.16525168606473667,
      0.08062511342783976
    ],
    [
      0.08861004226695585,
      0.08211025583210046,
      0.08060761269609651,
      0.08852696496260844,
      0.0848307152507511,
      0.0736598710787576,
      0.0,
      0.08604616062420913,
      0.07946940224167945,
      0.08049509316836041,
      0.35576946468035575,
      0.07549871891466135,
      0.08279334654443055,
      0.07193769376937696,
      0.0831610085652149,
      0.07778038903686699,
      0.09389836280925389,
      0.086927636630607,
      0.07869785731171876,
      0.08292704626878157,
      0.08053836748236941
    ],
    [
      0.07268154694257312,
      0.1418728352835284,
      0.22961118511851178,
      0.07889092443547886,
      0.08458227422742273,
      0.08385573384222324,
      0.08604616062420913,
      0.0,
      0.08632056552848628,
      0.4419156759750822,
      0.08072386448624079,
      0.10186320465040385,
      0.10580856863690455,
      0.2395318031803182,
      0.07705232246671556,
      0.07987225922592256,
      0.08565693159752566,
      0.0774617336993574,
      0.2341429652320743,
      0.08018569129640236,
      0.08683423128463556
    ],
    [
      0.07984448340883982,
      0.07685007170155687,
      0.08057755463696052,
      0.08924850905048924,
      0.08139266317484144,
      0.08799235017056799,
      0.07946940224167945,
      0.08632056552848628,
      0.0,
      0.07672467038803682,
      0.0834641052462835,
      0.08621527433408618,
      0.08257935980708266,
      0.09475995099509954,
      0.08052485913872055,
      0.08220008695256215,
      0.08146020423248147,
      0.08860980068900863,
      0.07642798375471643,
      0.08028201572756036,
      0.07124643441475126
    ],
    [
      0.0745413501849145,
      0.1380818164976581,
      0.3103479911400703,
      0.08537529012776543,
      0.08143827272540144,
      0.08602038582236612,
      0.08049509316836041,
      0.4419156759750822,
      0.07672467038803682,
      0.0,
      0.08338523665256352,
      0.08314351601480316,
      0.13341434767177351,
      0.06785651065106507,
      0.09638181281745645,
      0.07021655180071018,
      0.08522770780196515,
      0.08565109317584568,
      0.4306121921963507,
      0.07493020403911502,
      0.08206577830340205
    ],
    [
      0.0825370437251626,
      0.07861449762439862,
      0.07853183655163845,
      0.07862225723611863,
      0.08356685148764345,
      0.08284962383972293,
      0.35576946468035575,
      0.08072386448624079,
      0.0834641052462835,
      0.08338523665256352,
      0.0,
      0.08194229817992196,
      0.07747580579263738,
      0.089809805980598,
      0.07421043143815412,
      0.08154698214104159,
      0.24706296825108712,
      0.0735765135765135,
      0.08193496272704198,
      0.08945781896276958,
      0.08329688686124327
    ],
    [
      0.08005871055537327,
      0.08634384416038347,
      0.08431048400155688,
      0.09517997121957525,
      0.08107441294027563,
      0.08239234514082767,
      0.07549871891466135,
      0.10186320465040385,
      0.08621527433408618,
      0.08314351601480316,
      0.08194229817992196,
      0.0,
      0.08116761166951718,
      0.08001415141514148,
      0.0831934924653362,
      0.08697311278989404,
      0.08844747260588848,
      0.08366852485664374,
      0.07412385313375407,
      0.08381149316560979,
      0.07766118363363833
    ],
    [
      0.08408204567910964,
      0.49241112298602563,
      0.2046374494883298,
      0.07833515160247834,
      0.0756832343112112,
      0.08079990076400712,
      0.08279334654443055,
      0.10580856863690455,
      0.08257935980708266,
      0.13341434767177351,
      0.07747580579263738,
      0.08116761166951718,
      0.0,
      0.07658595859585961,
      0.09809382567584657,
      0.06188146309539309,
      0.07792828347283788,
      0.07984176380215985,
      0.11373155610779376,
      0.08194023475667322,
      0.08390183213840734
    ],
    [
      0.06028512851285127,
      0.07934195919591966,
      0.07257768276827682,
      0.07914991499149916,
      0.08835801080108018,
      0.08979972997299722,
      0.07193769376937696,
      0.2395318031803182,
      0.09475995099509954,
      0.06785651065106507,
      0.089809805980598,
      0.08001415141514148,
      0.07658595859585961,
      0.0,
      0.07704632963296332,
      0.09155803080308031,
      0.0902864536453645,
      0.13133480848084808,
      0.08079195419541954,
      0.07609718471847181,
      0.07450070007000689
    ],
    [
      0.08311539032691155,
      0.10320613624488702,
      0.14002254734491493,
      0.07972317398059965,
      0.07886337331127904,
      0.07762569332289643,
      0.0831610085652149,
      0.07705232246671556,
      0.08052485913872055,
      0.09638181281745645,
      0.07421043143815412,
      0.0831934924653362,
      0.09809382567584657,
      0.07704632963296332,
      0.0,
      0.06342523631120628,
      0.07778389481359771,
      0.08251793162684247,
      0.10836113133142836,
      0.07700479138822969,
      0.0765239782634068
    ],
    [
      0.08195284983043755,
      0.0641152595259526,
      0.0689159555955595,
      0.08118170652824122,
      0.07784645664566454,
      0.08164827073338701,
      0.07778038903686699,
      0.07987225922592256,
      0.08220008695256215,
      0.07021655180071018,
      0.08154698214104159,
      0.08697311278989404,
      0.06188146309539309,
      0.09155803080308031,
      0.06342523631120628,
      0.0,
      0.07767363846571763,
      0.08122986103184118,
      0.06868052293794867,
      0.07332502947264419,
      0.08303405493298825
    ],
    [
      0.09163180767141166,
      0.07938963542923935,
      0.08079691960880081,
      0.08152639796204143,
      0.07829083947895832,
      0.08042530656392045,
      0.09389836280925389,
      0.08565693159752566,
      0.08146020423248147,
      0.08522770780196515,
      0.24706296825108712,
      0.08844747260588848,
      0.07792828347283788,
      0.0902864536453645,
      0.07778389481359771,
      0.07767363846571763,
      0.0,
      0.0761777050885962,
      0.07889339453695884,
      0.07754372110807757,
      0.08591631720344597
    ],
    [
      0.08404664998724404,
      0.07708647787855712,
      0.08473036908680479,
      0.09349795686429346,
      0.09022597062201018,
      0.0736112197498336,
      0.086927636630607,
      0.0774617336993574,
      0.08860980068900863,
      0.08565109317584568,
      0.0735765135765135,
      0.08366852485664374,
      0.07984176380215985,
      0.13133480848084808,
      0.08251793162684247,
      0.08122986103184118,
      0.0761777050885962,
      0.0,
      0.07997352749827996,
      0.08234791878356232,
      0.08072905419440075
    ],
    [
      0.07716287637079715,
      0.13306149741793294,
      0.303477965260143,
      0.0834692700039235,
      0.08345387553308352,
      0.08467143595856469,
      0.07869785731171876,
      0.2341429652320743,
      0.07642798375471643,
      0.4306121921963507,
      0.08193496272704198,
      0.07412385313375407,
      0.11373155610779376,
      0.08079195419541954,
      0.10836113133142836,
      0.06868052293794867,
      0.07889339453695884,
      0.07997352749827996,
      0.0,
      0.0768788646016369,
      0.08130877952660129
    ],
    [
      0.12388504304975947,
      0.08663950031366768,
      0.08286304994135775,
      0.08448620329808448,
      0.07738705991811298,
      0.16525168606473667,
      0.08292704626878157,
      0.08018569129640236,
      0.08028201572756036,
      0.07493020403911502,
      0.08945781896276958,
      0.08381149316560979,
      0.08194023475667322,
      0.07609718471847181,
      0.07700479138822969,
      0.07332502947264419,
      0.07754372110807757,
      0.08234791878356232,
      0.0768788646016369,
      0.0,
      0.08028763772507597
    ],
    [
      0.2941163688670295,
      0.07844593013272813,
      0.06877870679124941,
      0.08818421966936812,
      0.19049998686223,
      0.08062511342783976,
      0.08053836748236941,
      0.08683423128463556,
      0.07124643441475126,
      0.08206577830340205,
      0.08329688686124327,
      0.07766118363363833,
      0.08390183213840734,
      0.07450070007000689,
      0.0765239782634068,
      0.08303405493298825,
      0.08591631720344597,
      0.08072905419440075,
      0.08130877952660129,
      0.08028763772507597,
      0.0
    ]
  ],
  "id_to_index": {
    "1": 0,
    "2": 1,
    "3": 2,
    "4": 3,
    "5": 4,
    "6": 5,
    "7": 6,
    "8": 7,
    "9": 8,
    "10": 9,
    "11": 10,
    "12": 11,
    "13": 12,
    "14": 13,
    "15": 14,
    "16": 15,
    "17": 16,
    "18": 17,
    "19": 18,
    "20": 19,
    "21": 20
  }
}